! $Post = N; NumberForm[PolyhedronData["SmallStellatedDodecahedron", "VertexCoordinates"],16] PolyhedronData["SmallStellatedDodecahedron", "FaceIndices"] NumberForm[PolyhedronData["SmallStellatedDodecahedron", "Volume"], 16]
0.4270509831248424
12
-0.5773502691896258d0   0.0d0  -0.11026408970826791d0
-0.2886751345948129d0  -0.5d0   0.11026408970826791d0
-0.2886751345948129d0   0.5d0   0.11026408970826791d0
 0.2886751345948129d0  -0.5d0  -0.11026408970826791d0
 0.2886751345948129d0   0.5d0  -0.11026408970826791d0
 0.5773502691896258d0   0.0d0   0.11026408970826791d0
-0.3568220897730899d0   0.0d0   0.46708617948135783d0
 0.3568220897730899d0   0.0d0  -0.46708617948135783d0
-0.1784110448865449d0  -0.30901699437494745  -0.46708617948135783d0
-0.1784110448865449d0   0.30901699437494745  -0.46708617948135783d0
 0.1784110448865449d0  -0.30901699437494745   0.46708617948135783d0
 0.1784110448865449d0   0.30901699437494745   0.46708617948135783d0
12
1 5 
2   12   1   11   3  
2 5
10   4   1   8   2   
3 5
3   8   1   5   9   
4 5 
9   11   1   4   7  
5 5 
7   5   1   12   10  
6 5 
7   10   2   3   9   
7 5 
4   12   2   6   7   
8 5 
9   6   2   8   11   
9 5
7   6   3   11   5   
10 5
12   8   3   6   10  
11 5
9   5   4   10   6   
12 5
8   12   4   5   11  
