! $Post = N; NumberForm[PolyhedronData["SnubCube", "VertexCoordinates"],16] PolyhedronData["SnubCube", "FaceIndices"] NumberForm[PolyhedronData["SnubCube", "Volume"], 16]
7.88947739997539d0
24
-1.1426135089259621  -0.33775397381375244  -0.6212264105565853
-1.1426135089259621  0.33775397381375233  0.6212264105565853
-1.1426135089259621  -0.6212264105565853  0.33775397381375233
-1.1426135089259621  0.6212264105565853  -0.33775397381375244
1.142613508925962  -0.33775397381375244  0.6212264105565853
1.142613508925962  0.33775397381375233  -0.6212264105565853
1.142613508925962  -0.6212264105565853  -0.33775397381375244
1.142613508925962  0.6212264105565853  0.33775397381375233
-0.33775397381375244  -1.1426135089259621  0.6212264105565853
-0.33775397381375244  1.142613508925962  -0.6212264105565853
-0.33775397381375244  -0.6212264105565853  -1.1426135089259621
-0.33775397381375244  0.6212264105565853  1.142613508925962
0.33775397381375233  -1.1426135089259621  -0.6212264105565853
0.33775397381375233  1.142613508925962  0.6212264105565853
0.33775397381375233  -0.6212264105565853  1.142613508925962
0.33775397381375233  0.6212264105565853  -1.1426135089259621
-0.6212264105565853  -1.1426135089259621  -0.33775397381375244
-0.6212264105565853  1.142613508925962  0.33775397381375233
-0.6212264105565853  -0.33775397381375244  1.142613508925962
-0.6212264105565853  0.33775397381375233  -1.1426135089259621
0.6212264105565853  -1.1426135089259621  0.33775397381375233
0.6212264105565853  1.142613508925962  -0.33775397381375244
0.6212264105565853  -0.33775397381375244  -1.1426135089259621
0.6212264105565853  0.33775397381375233  1.142613508925962
38
1 3
3   1   17 
2 3
3   17   9 
3 3 
3   19   2 
4 3 
3   9   19 
5 3
1   4   20 
6 3
1   20   11 
7 3
1   11   17 
8 3
2   19   12 
9 3
2   18   4
10 3
2   12   18 
11 3
4   18   10 
12 3
4   10   20 
13 3
17   11   13
14 3
19   9   15 
15 3
18   12   14 
16 3
20   10   16 
17 3
9   21   15
18 3
11   23   13 
19 3
12   24   14 
20 3
10   22   16 
21 3
13   23   7
22 3
13   7   21 
23 3
15   21   5 
24 3
15   5   24 
25 3
16   22   6 
26 3
16   6   23 
27 3
14   24   8 
28 3
14   8   22 
29 3
21   7   5 
30 3
23   6   7 
31 3
24   5   8 
32 3
22   8   6 
33 4
1   3   2   4 
34 4
21   9   17   13 
35 4
24   12   19   15 
36 4
10   18   14   22 
37 4
11   20   16   23 
38 4
8   5   7   6
